32281
5114
28977
9253
9969
32935
11061
820
15335
15417
4181
28851
918
2904
28891
199
23273
24701
12355
1575
263
44
1
30276
164
7311
17074
21939
457
2001
245
32983
5258
28957
11665
431
11741
31757
19
12365
1535
32366
30654
20583
19647
4282
10379
22135
21329
31043
7785
3297
30709
6114
31240
4565
5300
9989
24415
11577
10408
28171
32995
21899
26055
7472
777
22535
28735
12431
28805
578
16894
5028
21
801
31933
5205
17389
170
10162
18617
32182
877
2251
24687
16498
10030
5941
30346
3784
13125
12029
14397
10087
14719
9756
10165
13601
22789
30230
18115
11981
11917
205
32282
6594
11979
7655
2246
25835
2921
136
30503
12531
523
467
572
19815
2559
392
486
11771
1698
5341
25781
10863
28701
5420
9260
32
4224
2236
2685
31181
45
2418
1365
22297
627
10937
23755
4081
4155
1889
137
139
23317
558
5040
57
33
5
1842
6336
20651
1210
338
13759
6547
5081
32867
264
12859
853
5460
6746
5690
329
34240
513
6945
1142
6811
16664
1604
22145
2966
31964
19363
18195
9890
9130
9863
7674
11843
16782
28675
3226
21557
31715
43
9617
31051
10153
1033
32188
3091
12115
28223
121
3002
138
6675
10800
32005
813
27821
28725
585
16067
30
31490
759
6
6864
9735
11977
11123
23847
33161
962
1519
2167
16706
5681
3901
6467
10271
22507
3701
19123
33255
372
265
25681
4722
24277
239
512
4477
15323
31174
23327
5365
3702
3167
7465
7054
1257
23283
2025
235
1364
18689
22043
31988
20899
1453
23623
1559
1382
23289
18
4814
16662
12031
8129
14513
2581
30015
6171
1827
25013
1367
27833
26213
1974
8425
12069
185
18679
2034
437
721
12477
4938
2402
6702
1566
31741
440
4107
1506
2759
72
3016
3783
3927
11597
28025
24833
29893
27663
1482
3371
25313
1430
33051
7720
1914
20371
15039
2164
237
2449
10643
17739
135
6045
16001
6211
232
4789
16918
16
1486
24997
32902
8063
25879
889
21419
2952
934
12189
731
1530
9656
20507
31149
4918
14075
4772
781
1363
223
2004
25649
153
5029
302
8740
5682
21647
16049
1065
18179
47
4901
23199
32122
30415
851
10049
1943
4053
846
9926
31173
4059
589
15059
7791
17265
20815
535
2563
9963
32551
2951
2762
14713
14807
81
9204
31098
1023
33253
24921
1471
27831
2924
4672
2448
3907
186
10080
30885
21469
9941
14813
6421
21855
11739
2159
28297
29831
2154
6505
861
1689
34103
3665
9996
7711
77
401
32093
12113
7338
32613
3014
645
11135
5781
13767
5678
6774
1089
25161
995
2752
15
122
29095
1594
3092
10721
16395
3588
4106
387
16916
1088
10620
2143
6582
2158
22319
11113
6586
66
8142
6438
33032
227
73
4898
19111
7222
22097
15689
957
24
33286
849
2623
268
29093
427
4280
18429
17549
26123
28
9513
14353
8408
13331
4985
29803
22
2618
793
30279
28755
10029
2035
790
9289
15809
27989
5630
2829
30831
416
85
30240
1254
2605
4163
3228
1485
6351
13119
3782
3572
8310
114
11813
658
10012
32370
22961
22777
29787
7062
11887
9088
12815
12017
6377
1470
780
27633
2321
17273
429
18661
14349
1729
31973
17949
996
9465
14175
11239
967
1695
339
7724
2753
8516
779
1366
19319
15195
187
30311
597
400
18245
10521
28907
31637
1571
267
253
22673
4080
27947
12917
3750
569
6007
1253
15771
397
949
11001
17909
21185
9724
6768
4872
12413
2076
31251
5485
5005
890
269
14741
1472
33028
7304
8609
6033
8479
254
8525
19703
25517
31764
27775
21339
2104
24893
2150
12445
543
23225
9252
12893
1505
4447
317
22265
13117
9563
16904
97
20517
2273
1735
20159
12403
7044
31646
32998
30123
31339
2890
468
29755
25303
24471
516
1425
5310
93
8038
322
6154
7588
10083
1172
31711
2265
23249
202
30370
9919
1818
34036
10090
17895
1824
4192
10357
30745
19489
4472
19613
5530
6591
10218
388
28999
1473
1379
23293
1910
33221
18897
31592
31380
28677
7193
1961
21405
6024
2761
1491
106
5835
3604
11237
2828
4087
28881
21473
582
8311
21995
532
552
13629
7645
249
4886
451
9734
433
6115
80
1092
20767
10119
1921
1562
11111
32863
11737
28249
13535
1520
28121
30191
10497
6862
251
18153
875
795
33994
18397
29830
16870
479
15197
32189
31859
15451
33446
570
5680
2175
1887
90
91
2594
210
1007
19775
534
9790
2582
407
6213
1000
1375
8514
951
12117
2508
19115
6904
22125
4454
32547
15959
16239
31772
396
8407
20057
9074
7305
226
644
2405
15117
10460
6050
444
82
15315
30347
31704
1699
517
29829
30868
22199
14941
978
2994
14735
10350
20431
15487
1462
13667
28927
398
20847
2451
8937
12883
30413
30902
6347
3841
8086
9982
1888
33082
1096
14407
1719
290
154
11757
5074
31733
1690
4177
10092
9785
985
18055
6984
27991
21659
3545
474
1211
9510
5751
3515
13663
13851
6956
9441
233
2397
345
71
10793
9760
160
3713
2593
2454
32380
33263
13203
2963
87
20
31953
28069
1002
9471
150
60
19671
120
74
30364
8426
33209
2547
22101
182
21867
28979
16011
22819
9062
477
6772
2450
5177
2229
6927
4811
13403
228
30952
24135
8795
12021
17249
1011
18119
2787
6046
9000
10717
31580
31483
531
4596
1015
4725
6637
255
10790
23385
1418
14511
10389
7592
31289
32729
2112
208
30296
1008
65
2499
3470
540
26
1293
856
9201
2214
32108
123
488
3603
32268
7270
1376
464
9745
21843
539
14227
11319
24151
997
24913
31478
28479
2471
240
1301
18619
9065
5060
3731
1412
20785
2985
1483
10161
462
5507
6444
10715
95
8247
20031
7471
986
28669
2026
450
32491
6624
3466
15439
19669
25015
331
33338
23777
10278
2557
1830
24405
4416
740
2213
371
7303
430
1813
16528
9288
6372
17
3931
24439
23441
1915
323
2313
584
24543
6634
355
30549
1279
10033
11531
966
25341
10534
32979
132
14467
8532
1606
9136
2227
7627
32485
6773
1650
2558
1840
33513
2724
905
32915
1395
10471
5231
5204
12487
324
709
21755
32668
1034
33157
23701
10716
1924
33350
3090
7647
530
3785
7902
1281
24765
129
7661
31997
24703
10999
6116
16762
18849
10500
14123
10573
8675
1557
14289
11743
30458
29854
11433
31821
14967
12049
6152
1393
19191
11617
10935
914
24781
21327
10568
1087
33605
15051
11933
23301
5493
23775
9751
969
32681
2202
7762
10495
880
15061
857
110
23251
587
12725
11013
452
